1.8281023502349854
1.6979960203170776
1.5385345220565796
1.1639277935028076
0.9895124435424805
0.7998070120811462
0.7851989269256592
0.7383809089660645
0.7132737040519714
0.7665340900421143
0.694554328918457
0.7172050476074219
0.7696890830993652
0.7228623628616333
0.7419652342796326
0.7131714820861816
0.7173551321029663
0.691649317741394
0.704838752746582
0.7015673518180847
0.6904842257499695
0.6921970248222351
0.7011823058128357
0.696293294429779
0.6886374354362488
0.6922129392623901
0.6940493583679199
0.6863393783569336
0.6993762254714966
0.6921029090881348
0.6939236521720886
0.6830996870994568
0.6920878291130066
0.6884975433349609
0.7017468214035034
0.6989654302597046
0.6955651044845581
0.6955591440200806
0.6901023387908936
0.6954776644706726
0.7034894824028015
0.6990493535995483
0.6881471872329712
0.6935728788375854
0.6881319880485535
0.697108268737793
0.6916669607162476
0.6898508071899414
0.6880143880844116
0.691579282283783
0.6951650381088257
0.6915246248245239
0.6932982206344604
0.6914593577384949
0.6878182888031006
0.6913985013961792
0.6949827075004578
0.7021846771240234
0.6949202418327332
0.6985048651695251
0.6876195669174194
0.6839627027511597
0.694793164730072
0.6947588920593262
0.6983537673950195
0.6856269836425781
0.6910373568534851
0.6946308016777039
0.6945966482162476
0.6963803172111511
0.7017838954925537
0.6981098055839539
0.685368001461029
0.6980476379394531
0.6871271133422852
0.6979926824569702
0.6870395541191101
0.6888604164123535
0.6959923505783081
0.6905778646469116
0.6941792368888855
0.6941698789596558
0.6904656291007996
0.6922580599784851
0.6885628700256348
0.695777416229248
0.692118763923645
0.6993269920349121
0.6938526034355164
0.6956962943077087
0.6974430084228516
0.6937564611434937
0.6936655044555664
0.702774703502655
0.6936311721801758
0.6881069540977478
0.6862066984176636
0.7007691860198975
0.6953307390213013
0.6934231519699097
0.6842555999755859
0.6933581829071045
0.6859718561172485
0.6895729899406433
0.6968722343444824
0.6839994788169861
0.6931371092796326
0.6894132494926453
0.68756103515625
0.6948382258415222
0.6911081075668335
0.6892212629318237
0.6855013370513916
0.68547123670578
0.6872358322143555
0.6853815913200378
0.6798135638237
0.688917875289917
0.6980296969413757
0.6814658045768738
0.6869234442710876
0.6997283697128296
0.6904842853546143
0.6885911822319031
0.6922206878662109
0.6958631277084351
0.6994996070861816
0.6828432083129883
0.6994063258171082
0.6845688819885254
0.7011401057243347
0.6992439031600952
0.6862475275993347
0.684346616268158
0.6861470937728882
0.6897615194320679
0.6823158264160156
0.7007710933685303
0.678493857383728
0.6988126039505005
0.6876401901245117
0.6820082068443298
0.689363956451416
0.6874434351921082
0.6947869658470154
0.6892036199569702
0.7002989649772644
0.6983739733695984
0.6983110308647156
0.6870600581169128
0.6944600343704224
0.6832324862480164
0.6961817741394043
0.6923994421958923
0.6960592269897461
0.6885316371917725
0.6884869337081909
0.6809760928153992
0.6846381425857544
0.6808685064315796
0.6789132356643677
0.6807193756103516
0.689936637878418
0.6917533874511719
0.6898163557052612
0.6803896427154541
0.6915378570556641
0.6970871686935425
0.6819378137588501
0.6800752878189087
0.6875125765800476
0.6930727958679199
0.685479998588562
0.6797471046447754
0.6796859502792358
0.6795755624771118
0.6737980842590332
0.6869980692863464
0.6811830997467041
0.6889165639877319
0.6981670260429382
0.6999554634094238
0.6846911311149597
0.6845563650131226
0.6902432441711426
0.6767164468765259
0.6806647181510925
0.6939239501953125
0.7035775184631348
0.6839796900749207
0.6840361952781677
0.681925892829895
0.6780506372451782
0.6877129077911377
0.6895331144332886
0.6913490295410156
0.6835262179374695
0.6911861300468445
0.6872262954711914
0.6793338656425476
0.6754206418991089
0.6928261518478394
0.6887516975402832
0.6907441020011902
0.6847447156906128
0.6922890543937683
0.6865363121032715
0.6747681498527527
0.6921417117118835
0.6745059490203857
0.6822385787963867
0.6763147115707397
0.6840216517448425
0.680077075958252
0.679978609085083
0.6838088035583496
0.6758478879928589
0.6815453767776489
0.6833838224411011
0.6773115992546082
0.6872236132621765
0.6871282458305359
0.6812036037445068
0.6871539950370789
0.6967862844467163
0.6828727126121521
0.6786696314811707
0.6787784099578857
0.6745059490203857
0.6763052344322205
0.688349187374115
0.6882526278495789
0.6821607351303101
0.6860077381134033
0.6919212341308594
0.6838201284408569
0.6816728115081787
0.6876203417778015
0.6774351596832275
0.687396228313446
0.6793498396873474
0.677112340927124
0.6811535358428955
0.68902587890625
0.682886004447937
0.690765380859375
0.6809319257736206
0.6745821833610535
0.6864067912101746
0.6678838133811951
0.6748223304748535
0.694322943687439
0.6780616044998169
0.6777707934379578
0.6839630007743835
0.677706241607666
0.6896809339523315
0.6855387091636658
0.6773351430892944
0.6812978982925415
0.6811690330505371
0.6729758977890015
0.6789216995239258
0.6767596006393433
0.6746246218681335
0.6867351531982422
0.6763944029808044
0.6762717962265015
0.6864912509918213
0.6801213622093201
0.6739832162857056
0.6882911920547485
0.6756278872489929
0.681631326675415
0.6755319833755493
0.6773576736450195
0.6753270030021667
0.67236328125
0.6872143745422363
0.6753404140472412
0.6898667812347412
0.6745181083679199
0.67625892162323
0.6780521869659424
0.6696411371231079
0.6702081561088562
0.6760648488998413
0.6779393553733826
0.6843999624252319
0.6693641543388367
0.6755930781364441
0.6779626607894897
0.6711722612380981
0.6752231121063232
0.6731486320495605
0.6727327108383179
0.6731812953948975
0.675311267375946
0.6748811602592468
0.6727770566940308
0.6723716259002686
0.6677319407463074
0.6758192777633667
0.6784782409667969
0.6761080622673035
0.6674097776412964
0.6821936368942261
0.6798582077026367
0.6647539734840393
0.6602999567985535
0.6734816431999207
0.6795694231987
0.6728484034538269
0.6707972884178162
0.6661207675933838
0.6670340895652771
0.6679539084434509
0.6788643598556519
0.6744403839111328
0.6608814001083374
0.671944260597229
0.6827728152275085
0.6671106815338135
0.6715267896652222
0.6578925251960754
0.6867977380752563
0.6619173288345337
0.682262659072876
0.6684861183166504
0.6661200523376465
0.6727301478385925
0.6725978851318359
0.663495659828186
0.6639047861099243
0.6745413541793823
0.6791375875473022
0.6651293039321899
0.6844281554222107
0.6648496389389038
0.6739152669906616
0.6739503145217896
0.6598943471908569
0.6668696403503418
0.6667187213897705
0.6640174984931946
0.6686651110649109
0.6521627902984619
0.6753241419792175
0.6776077151298523
0.6703817844390869
0.6727127432823181
0.6794829368591309
0.6723076701164246
0.6601558923721313
0.6696162223815918
0.6766074895858765
0.6764490604400635
0.6646749377250671
0.666694164276123
0.6643483638763428
0.6690325140953064
0.6663405895233154
0.6686528921127319
0.6710114479064941
0.6641204953193665
0.659309983253479
0.6636233329772949
0.665117621421814
0.6752462387084961
0.6619898080825806
0.665739119052887
0.6531504392623901
0.6676494479179382
0.671902596950531
0.6623510122299194
0.6669954657554626
0.6525412797927856
0.6572308540344238
0.6641384363174438
0.6544285416603088
0.6664651036262512
0.6615585088729858
0.6686962842941284
0.6577123403549194
0.6683170795440674
0.6632393002510071
0.6531412601470947
0.6606447696685791
0.6628614664077759
0.6729097366333008
0.6572064161300659
0.667393147945404
0.6662325263023376
0.6620805263519287
0.6645715236663818
0.6721137762069702
0.6696771383285522
0.6541106104850769
0.6720224618911743
0.6613878011703491
0.666179895401001
0.645678699016571
0.6612193584442139
0.6735512614250183
0.6631907820701599
0.6681925654411316
0.6532214879989624
0.6449806690216064
0.6500474810600281
0.6528394222259521
0.6495696902275085
0.6622776985168457
0.6523932814598083
0.6592329740524292
0.6516398787498474
0.6698896884918213
0.6566334962844849
0.6640154719352722
0.6620837450027466
0.664122998714447
0.652857780456543
0.6693028211593628
0.6750000715255737
0.6665522456169128
0.6556046009063721
0.6637740135192871
0.6636466979980469
0.6498363018035889
0.6633762121200562
0.66294264793396
0.6409267783164978
0.6651389002799988
0.6517561674118042
0.6599091291427612
0.6733832359313965
0.6628276109695435
0.6569570302963257
0.6591373682022095
0.653610110282898
0.6428823471069336
0.6316534876823425
0.6523730754852295
0.6585421562194824
0.6392241716384888
0.6501588225364685
0.6584840416908264
0.6382488012313843
0.6494919657707214
0.6551030874252319
0.6668882369995117
0.6543936133384705
0.6431812644004822
0.660398006439209
0.6587015986442566
0.6607173681259155
0.6600773334503174
0.6636970043182373
0.6721474528312683
0.663327693939209
0.6623402237892151
0.6329036951065063
0.6445092558860779
0.6510246992111206
0.6511198282241821
0.659123420715332
0.6453999876976013
0.6598605513572693
0.6560382843017578
0.6467897891998291
0.668108344078064
0.6525161266326904
0.6460583806037903
0.6557556986808777
0.660738468170166
0.642924964427948
0.6670923233032227
0.6584250330924988
0.6526272296905518
0.6544733047485352
0.6395562887191772
0.6424638628959656
0.6453161239624023
0.6481112837791443
0.6389986872673035
0.6448904275894165
0.6567407846450806
0.6539705991744995
0.6662299633026123
0.6504087448120117
0.6442515254020691
0.6473846435546875
0.647165834903717
0.6406954526901245
0.6406247615814209
0.649925708770752
0.6779948472976685
0.6525403261184692
0.6652958393096924
0.6525648832321167
0.6557172536849976
0.6393710374832153
0.674460768699646
0.6304092407226562
0.6455764770507812
0.6329596042633057
0.6492828726768494
0.6385999917984009
0.6490414142608643
0.6326104998588562
0.6288635730743408
0.6481466889381409
0.670654296875
0.641436755657196
0.6575590372085571
0.634760320186615
0.6376010179519653
0.6572363972663879
0.6505476832389832
0.6541421413421631
0.6444503664970398
0.6434926986694336
0.6473062038421631
0.6397131681442261
0.6548866629600525
0.6631919145584106
0.6304389238357544
0.6468161344528198
0.6451687812805176
0.6499370336532593
0.6361585855484009
0.6619258522987366
0.6468123197555542
0.6487513780593872
0.6281387805938721
0.6419270038604736
0.6494078636169434
0.6527830362319946
0.6394440531730652
0.6468052268028259
0.6568554639816284
0.6502367854118347
0.6317349076271057
0.6618486642837524
0.6440660953521729
0.6573224067687988
0.6307046413421631
0.6445986032485962
0.6382900476455688
0.6654837131500244
0.637303352355957
0.6403834223747253
0.6441532373428345
0.6549725532531738
0.6556425094604492
0.6432009935379028
0.6374545693397522
0.6333990693092346
0.6513023972511292
0.644246518611908
0.6324988603591919
0.6466616988182068
0.6542714834213257
0.640213131904602
0.6604604721069336
0.6481422185897827
0.6539522409439087
0.6463449001312256
0.6467552781105042
0.6285860538482666
0.6492860317230225
0.6232538223266602
0.6361708641052246
0.6416546106338501
0.6391719579696655
0.6607134342193604
0.6461540460586548
0.6209797859191895
0.6080679297447205
0.6408828496932983
0.6523956656455994
0.6419714689254761
0.6500503420829773
0.6453548669815063
0.6652469635009766
0.6246767044067383
0.6494633555412292
0.629507839679718
0.6342243552207947
0.6480758786201477
0.6346465945243835
0.6590470671653748
0.6477176547050476
0.647987425327301
0.6203017234802246
0.6571632623672485
0.6448224782943726
0.6647436022758484
0.6255074739456177
0.6258859038352966
0.6046903133392334
0.6297574639320374
0.6443727016448975
0.6307164430618286
0.6405638456344604
0.6444605588912964
0.6489734649658203
0.6553806066513062
0.6598839163780212
1.1081502437591553
0.6196829676628113
0.6115407347679138
0.6221488118171692
0.6184960603713989
0.6389347910881042
0.673670768737793
0.6248930096626282
0.6460223197937012
0.6697711944580078
0.6583130955696106
0.6358127593994141
0.6434826850891113
0.635175347328186
0.63768070936203
0.6441409587860107
0.6371637582778931
0.645215630531311
0.6324794888496399
0.629149317741394
0.6414619088172913
0.6405882835388184
0.6543728709220886
0.63432377576828
0.6445721983909607
0.616253137588501
0.6338697671890259
0.6419348120689392
0.6258531808853149
0.6198569536209106
0.6332219839096069
0.6198081374168396
0.645406186580658
0.6351715922355652
0.660721480846405
0.642762303352356
0.6360552310943604
0.6293848752975464
0.6766942739486694
0.6302633881568909
0.6416485905647278
0.6344702243804932
0.6255589127540588
0.6344527006149292
0.6357115507125854
0.6302027702331543
0.6258482336997986
0.6227082014083862
0.6395333409309387
0.626037061214447
0.6546849012374878
0.6293727159500122
0.6038650870323181
0.623799741268158
0.6108993291854858
0.5355492830276489
0.5791394710540771
0.6353374719619751
0.5113884806632996
0.5772180557250977
0.5635346174240112
0.5747298002243042
0.5407145619392395
0.5911991596221924
0.4874386787414551
0.5618668794631958
0.5608891248703003
0.9346526861190796
0.5794779658317566
0.6207128763198853
0.5865414142608643
0.5835856199264526
0.6111876368522644
0.626369059085846
0.6044789552688599
0.6160157322883606
0.6319658756256104
0.5923497676849365
0.5699126720428467
0.6707978248596191
0.5627056360244751
0.5018072724342346
0.6090883612632751
0.6455326676368713
0.6218603849411011
0.5377941131591797
0.5524935722351074
0.5180963277816772
0.6158959269523621
0.5586355924606323
0.5011273622512817
0.5198285579681396
0.6267023682594299
0.6055842638015747
0.5941108465194702
0.5516991019248962
0.5554537773132324
0.5954712629318237
0.5213897824287415
0.6036473512649536
0.44698935747146606
0.4852626919746399
0.7337908744812012
0.5453152656555176
0.5956718921661377
0.727330207824707
0.5634312033653259
0.5770151615142822
0.5875450372695923
0.5934509634971619
0.5926300883293152
0.5595542192459106
0.5935871005058289
0.5553359985351562
0.6735919713973999
0.534110426902771
0.5275570154190063
0.5326806306838989
0.6205920577049255
0.6080254912376404
0.5659961700439453
0.5145981311798096
0.5190989971160889
0.548732578754425
0.5661237239837646
0.5346638560295105
0.46921539306640625
0.6107436418533325
0.5221469402313232
0.5400698184967041
0.6178004145622253
0.6217654943466187
0.523076057434082
0.5307495594024658
0.6573072671890259
0.5015165209770203
0.602083683013916
0.5096311569213867
0.5741395354270935
0.5033425688743591
0.5087918639183044
0.5035756230354309
0.47694239020347595
0.725741982460022
0.433095782995224
0.5465813875198364
0.41849130392074585
0.4560406804084778
0.5598754286766052
0.4387072026729584
0.3777732849121094
0.405605673789978
0.66061931848526
0.5568702220916748
0.7334461212158203
0.6651259660720825
0.5631661415100098
0.580784261226654
0.6317441463470459
0.6315674185752869
0.5445749759674072
0.5784279704093933
0.6691646575927734
0.6303547620773315
0.6081556081771851
0.5848986506462097
0.5848977565765381
0.6076146364212036
0.6445266008377075
0.5697796940803528
0.6250853538513184
0.6808709502220154
0.5510312914848328
0.5943955183029175
0.5384912490844727
0.560195803642273
0.5606943368911743
0.6323949694633484
0.6078692674636841
0.5340902805328369
0.5635411143302917
0.5933339595794678
0.6346031427383423
0.5229170322418213
0.5354767441749573
0.5935563445091248
0.5482603311538696
0.5327622890472412
0.572935938835144
0.5194244384765625
0.5705651044845581
0.6221290826797485
0.5256232023239136
0.47068023681640625
0.5819287300109863
0.5903550386428833
0.5268437266349792
0.5829440355300903
0.5513318777084351
0.5323051810264587
0.6540073156356812
0.5264594554901123
0.5564436912536621
0.5732836127281189
0.5654836297035217
0.5720571279525757
0.5004490613937378
0.6450908780097961
0.6131305694580078
0.5012552738189697
0.684028148651123
0.5125951766967773
0.5834766626358032
0.5670154094696045
0.5420576333999634
0.4992606043815613
0.5781553983688354
0.4585016369819641
0.48176974058151245
0.4818449020385742
0.5695408582687378
0.5577868819236755
0.5495164394378662
0.5234906673431396
0.5469774007797241
0.4863430857658386
0.5437526702880859
0.4699404835700989
0.8083907961845398
0.46605950593948364
0.4623793065547943
0.4966517686843872
0.4524843394756317
0.6687639951705933
0.5450291037559509
0.4606102406978607
0.619873583316803
0.5683066248893738
0.6055623292922974
0.5056612491607666
0.5191760659217834
0.6846420168876648
0.5468015670776367
0.5442927479743958
0.5506293773651123
0.5094438195228577
0.5519931316375732
0.5745526552200317
0.5755362510681152
0.596910834312439
0.48000025749206543
0.5994663238525391
0.5463320016860962
0.6132898330688477
0.5564579367637634
0.5137543678283691
0.6572622060775757
0.5409035682678223
0.47503340244293213
0.5187729001045227
0.6795021891593933
0.5145316123962402
0.5615862607955933
0.5427888631820679
0.5661158561706543
0.5674791932106018
0.5714638829231262
0.4673045575618744
0.6251269578933716
0.49185311794281006
0.5394629836082458
0.44641995429992676
0.48399603366851807
0.628324031829834
0.46113643050193787
0.5539833903312683
0.547195553779602
0.6072459816932678
0.5862422585487366
0.502280592918396
0.4713907241821289
0.4743571877479553
0.5334018468856812
0.48788198828697205
0.3996916711330414
0.4340914189815521
0.6219944357872009
0.5631899833679199
0.5388650894165039
0.4844505786895752
0.4308635890483856
0.4443199038505554
0.36569517850875854
0.47488754987716675
0.5389630198478699
0.5642364621162415
0.6860052347183228
0.584688663482666
0.5071814060211182
0.6912156939506531
0.6387598514556885
0.5003806352615356
0.5108920335769653
0.5173376798629761
0.530208945274353
0.5332872271537781
0.5893460512161255
0.5449168682098389
0.5861810445785522
0.5581275224685669
0.4841812252998352
0.4872041642665863
0.46599051356315613
0.46756935119628906
0.49602210521698
0.7307298183441162
0.5891904234886169
0.5742638111114502
0.6583154201507568
0.5373667478561401
0.5129812955856323
0.6051336526870728
0.5746139287948608
0.49641185998916626
0.5352968573570251
0.5191919207572937
0.5177947282791138
0.5162169933319092
0.5822064280509949
0.56240314245224
0.5383480191230774
0.5208739042282104
0.5738755464553833
0.5588063597679138
0.5195133686065674
0.5651394128799438
0.5167834162712097
0.5158085227012634
0.4646223187446594
0.5393899083137512
0.5897146463394165
0.5369839668273926
0.508923351764679
0.48788854479789734
0.37202176451683044
0.4170960783958435
0.5631853938102722
0.5227746963500977
0.5174438953399658
0.492157906293869
0.5050458312034607
0.5215667486190796
0.5593434572219849
0.4454185366630554
0.5685847997665405
0.45687922835350037
0.5222849249839783
0.5020565390586853
0.6116963624954224
0.5345878601074219
0.5408627986907959
0.5445305705070496
0.6206002235412598
0.54207843542099
0.5345641374588013
0.5640555620193481
0.5695266127586365
0.5958009958267212
0.6546165943145752
0.5448886752128601
0.5181412100791931
0.5508337020874023
0.5961654186248779
0.5679854154586792
0.5834187269210815
0.5396929979324341
0.49115437269210815
0.6070900559425354
0.5016970038414001
0.49179720878601074
0.46557745337486267
0.6090973019599915
0.484496533870697
0.6193637847900391
0.46525105834007263
0.4596356749534607
0.5041859745979309
0.5099347829818726
0.4764270782470703
0.5929955840110779
0.4040087163448334
0.49125242233276367
0.5909503698348999
0.6393641829490662
0.5229424238204956
0.5991993546485901
0.5577352046966553
0.5243156552314758
0.5292592644691467
0.6258348226547241
0.5255096554756165
0.5632219314575195
0.46486151218414307
0.5581711530685425
0.6052750945091248
0.5880627632141113
0.3619253635406494
0.5170387029647827
0.4989217221736908
0.48120492696762085
0.5803040266036987
0.46731191873550415
0.45624226331710815
0.4509599208831787
0.4455580711364746
0.5669772028923035
0.435433954000473
0.468370646238327
0.5542879104614258
0.5560080409049988
0.42685291171073914
0.38917121291160583
0.5464000105857849
0.4975893199443817
0.7104441523551941
0.3871424198150635
0.6159629821777344
0.5343137383460999
0.4637666344642639
0.5516440868377686
0.5300471186637878
0.5368536710739136
0.4602164626121521
0.6000880002975464
0.555420458316803
0.4864923357963562
0.6337544918060303
0.5551430583000183
0.4983184337615967
0.508354663848877
0.5542871952056885
0.4565649628639221
0.6239688396453857
0.49159908294677734
0.5954961180686951
0.5162058472633362
0.5690169930458069
0.5025595426559448
0.5277020931243896
0.3900083303451538
0.5393254160881042
0.4621152877807617
0.5801115036010742
0.5199655294418335
0.4781287610530853
0.5528704524040222
0.4099061191082001
0.517342209815979
0.645061194896698
0.540949285030365
0.44776421785354614
0.5192402601242065
0.41538429260253906
0.421987384557724
0.5073044896125793
0.4235410690307617
0.41719481348991394
0.5185054540634155
0.4494875371456146
0.6058318018913269
0.5527081489562988
0.47056958079338074
0.6421522498130798
0.6093134880065918
0.3758314847946167
0.47677522897720337
0.5176699161529541
0.5821227431297302
0.4889153838157654
0.49746251106262207
0.4809473156929016
0.505828857421875
0.5035786628723145
0.44062983989715576
0.4685458540916443
0.43502509593963623
0.565971314907074
0.5594768524169922
0.5035494565963745
0.48486751317977905
0.5370510816574097
0.5730597972869873
0.37303146719932556
0.5585442781448364
0.5252635478973389
0.5824682116508484
0.4888913631439209
0.5916235446929932
0.513804018497467
0.4684576988220215
0.4994816184043884
0.3893144130706787
0.5348331332206726
0.6142269372940063
0.4268118739128113
0.47739177942276
0.573176920413971
0.40522903203964233
0.4542740285396576
0.5098317265510559
0.45976030826568604
0.5294414758682251
0.3126228153705597
0.4499472379684448
0.7198529243469238
0.3165539503097534
0.5214740037918091
0.8387996554374695
0.42876553535461426
0.616615891456604
0.6595317125320435
0.4130499064922333
0.5672031044960022
0.5971713662147522
0.490930438041687
0.5751962661743164
0.47062718868255615
0.5859146118164062
0.46484798192977905
0.47351405024528503
0.4471787214279175
0.5024165511131287
0.54313063621521
0.4787551164627075
0.43247053027153015
0.6306061744689941
0.664179801940918
0.4299851655960083
0.5302538871765137
0.45011746883392334
0.5166901350021362
0.46453994512557983
0.567258358001709
0.45465701818466187
0.5898175239562988
0.4401874542236328
0.5096478462219238
0.5238978266716003
0.41171491146087646
0.4403465688228607
0.4397333264350891
0.47496771812438965
0.4170397222042084
0.5582185983657837
0.38936668634414673
0.5571183562278748
0.5298079252243042
0.4470192790031433
0.43873319029808044
0.4877488613128662
0.4991722106933594
0.3989552855491638
0.4275817573070526
0.44733092188835144
0.50692218542099
0.6506409049034119
0.4930190443992615
0.42166632413864136
0.4160615801811218
0.4948853850364685
0.6556434035301208
0.7049679756164551
0.49541592597961426
0.6061304211616516
0.5095870494842529
0.5854814052581787
0.4402061104774475
0.4507107138633728
0.4568510055541992
0.4913308620452881
0.5137348175048828
0.5439106225967407
0.39744895696640015
0.3866189420223236
0.4459458589553833
0.37486788630485535
0.45273321866989136
0.3674987256526947
0.39252206683158875
0.5308980941772461
0.4679538607597351
0.4810398519039154
0.49706563353538513
0.5040328502655029
0.5427095293998718
0.4344666004180908
0.36745506525039673
0.49838829040527344
0.46763262152671814
0.6242759227752686
0.4243549108505249
0.5238519906997681
0.4921625256538391
0.5530096292495728
0.5438978672027588
0.48344704508781433
0.4228789806365967
0.5224016904830933
0.4293043613433838
0.651814341545105
0.47847089171409607
0.4138678312301636
0.4856075048446655
0.577035129070282
0.6127349734306335
0.4320794939994812
0.4797770380973816
0.4949159324169159
0.4884089231491089
0.46322375535964966
0.5127923488616943
0.4101327359676361
0.4911297559738159
0.5276197791099548
0.4499448239803314
0.6016599535942078
0.4528014063835144
0.4814930856227875
0.4737846553325653
0.4627782702445984
0.5191011428833008
0.5123035907745361
0.4256812036037445
0.578891396522522
0.49728721380233765
0.39101624488830566
0.4819144010543823
0.4416748881340027
0.5179797410964966
0.41553235054016113
0.34522372484207153
0.5562511682510376
0.31496375799179077
0.46406325697898865
0.4679020643234253
0.5024873614311218
0.34646737575531006
0.4583183526992798
0.5660321712493896
0.30274152755737305
0.28747421503067017
0.42941832542419434
0.5930601358413696
0.6214543581008911
0.4332782030105591
0.4175703227519989
0.3547987937927246
0.379659503698349
0.42612990736961365
0.40498608350753784
0.620201051235199
0.43096861243247986
0.5157043933868408
0.46675074100494385
0.3736497163772583
0.3908362090587616
0.31925222277641296
0.3907322883605957
0.5848638415336609
0.35768789052963257
0.6149868965148926
0.5381621718406677
0.4061400294303894
0.37284964323043823
0.47957438230514526
0.5285778045654297
0.409974068403244
0.3625871539115906
0.39619383215904236
0.5025298595428467
0.45573747158050537
0.4242658019065857
0.6013057827949524
0.5098248720169067
0.44184085726737976
0.29079121351242065
0.4901350438594818
0.8541280031204224
0.3955717086791992
0.6099945902824402
0.5850034356117249
0.3983411192893982
0.3804526925086975
0.4662536084651947
0.3301098346710205
0.2561039328575134
0.3906056880950928
0.5502620935440063
0.6757461428642273
0.6223728656768799
0.37479686737060547
0.4153343141078949
0.520602822303772
0.3942900598049164
0.4574439525604248
0.45420902967453003
0.4319697618484497
0.4848044812679291
0.36416158080101013
0.4371039867401123
0.6112539172172546
0.4990696907043457
0.4956887364387512
0.49614351987838745
0.4512163996696472
0.5119750499725342
0.418109267950058
0.5171419978141785
0.3948938548564911
0.41790637373924255
0.4626028537750244
0.42482686042785645
0.5044625997543335
0.4555647373199463
0.43320584297180176
0.3594580590724945
0.5266385078430176
0.5053467154502869
0.4217667281627655
0.4971119165420532
0.5182369947433472
0.3416832387447357
0.42688965797424316
0.31895217299461365
0.3931836485862732
0.4827096164226532
0.5542172789573669
0.5213882327079773
0.5011991262435913
0.4115278720855713
0.4678560197353363
0.5490168333053589
0.5248526334762573
0.41635292768478394
0.36765608191490173
0.5116764307022095
0.39717942476272583
0.5110104084014893
0.41316312551498413
0.5464475750923157
0.48716485500335693
0.3795549273490906
0.45465195178985596
0.5114939212799072
0.3928542137145996
0.4193539321422577
0.4156164526939392
0.4561431109905243
0.2742563486099243
0.3874358534812927
0.32967710494995117
0.35388004779815674
0.4577048718929291
0.5494585037231445
0.3446462154388428
0.41627591848373413
0.49630123376846313
0.43122467398643494
0.4401354491710663
0.39074835181236267
0.45889902114868164
0.49896711111068726
0.500034749507904
0.3566212058067322
0.33847999572753906
0.5929455757141113
0.35245805978775024
0.4479529559612274
0.3137775659561157
0.31105512380599976
0.3323056399822235
0.43337365984916687
0.40652698278427124
0.24208782613277435
0.5478718280792236
0.4188780188560486
0.4715636372566223
0.5327432155609131
0.46105167269706726
0.5307140946388245
0.39335519075393677
0.3847256898880005
0.5032612085342407
0.34186744689941406
0.3889271020889282
0.5220241546630859
0.32646870613098145
0.39196157455444336
0.5539329648017883
0.4271340072154999
0.48960405588150024
0.5369276404380798
0.3235432505607605
0.49468573927879333
0.38897138833999634
0.44384464621543884
0.29370546340942383
0.5636910796165466
0.351072758436203
0.34240734577178955
0.35577958822250366
0.4909844398498535
0.5352005362510681
0.49669349193573
0.4837082624435425
0.3328799903392792
0.37619274854660034
0.5457853674888611
0.27123814821243286
0.49309873580932617
0.4963575005531311
0.4058483839035034
0.4082871377468109
0.4793208837509155
0.5226587057113647
0.4990078806877136
0.5323418974876404
0.7004846334457397
0.3553958535194397
0.2739331126213074
0.5335394144058228
0.46463078260421753
0.5564040541648865
0.4872227907180786
0.3779752254486084
0.3731915354728699
0.31234368681907654
0.5294685363769531
0.42460060119628906
0.4528009295463562
0.3903467059135437
0.49585288763046265
0.42743271589279175
0.3833346366882324
0.5086212754249573
0.6585332155227661
0.41030609607696533
0.445793092250824
0.43829840421676636
0.41231080889701843
0.5793917179107666
0.41816097497940063
0.414622038602829
0.35558947920799255
0.4220197796821594
0.544721782207489
0.45912182331085205
0.38556405901908875
0.5198578834533691
0.42510855197906494
0.49699220061302185
0.3905850350856781
0.3880182206630707
0.2987510859966278
0.28929615020751953
0.29476839303970337
0.4188677668571472
0.3983246982097626
0.4852893352508545
0.523837685585022
0.3608916699886322
0.47979873418807983
0.5415416359901428
0.4968284070491791
0.2520664930343628
0.34992164373397827
0.4243628680706024
0.27184364199638367
0.36586248874664307
0.5107983350753784
0.4035711884498596
0.3840588927268982
0.2726978063583374
0.32501447200775146
0.3944019675254822
0.18069785833358765
0.5135642290115356
0.4803643822669983
0.5027040839195251
0.46554669737815857
0.3209786117076874
0.45799288153648376
0.3100651204586029
0.38897210359573364
0.4581031799316406
0.26186904311180115
0.5498632192611694
0.7262674570083618
0.42977744340896606
0.38872334361076355
0.3705730140209198
0.4074673056602478
0.396938681602478
0.5309209823608398
0.6600947380065918
0.4093022346496582
0.44321346282958984
0.4480436444282532
0.2985813319683075
0.3850710988044739
0.27337586879730225
0.4371928572654724
0.32603585720062256
0.29425668716430664
0.48225897550582886
0.3327302932739258
0.3578813970088959
0.33814889192581177
0.440041184425354
0.5351629257202148
0.41881293058395386
0.30210059881210327
0.4507039487361908
0.4880046844482422
0.5254606604576111
0.3980739116668701
0.38714081048965454
0.4744463860988617
0.5086381435394287
0.30207985639572144
0.31068122386932373
0.4689119756221771
0.4294711947441101
0.33832675218582153
0.41981643438339233
0.3750155568122864
0.3127453923225403
0.4329436719417572
0.4724198579788208
0.4132605493068695
0.3842223584651947
0.3406849503517151
0.3093130588531494
0.3331645131111145
0.6764199733734131
0.5715703368186951
0.34112703800201416
0.4660322666168213
0.48574957251548767
0.4026830196380615
0.27670150995254517
0.40510496497154236
0.36452361941337585
0.5701742172241211
0.3242470622062683
0.36054372787475586
0.5151990652084351
0.5612465143203735
0.4687100648880005
0.5159593820571899
0.3889825940132141
0.4213305115699768
0.4095414876937866
0.40467891097068787
0.4664655923843384
0.47433552145957947
0.47334569692611694
0.36012476682662964
0.3978976607322693
0.2918042540550232
0.4640779197216034
0.4593295454978943
0.2898327112197876
0.43601417541503906
0.5234906673431396
0.4549657106399536
0.4151519536972046
0.36739081144332886
0.3260262906551361
0.33962282538414
0.27924397587776184
0.4157429337501526
0.3168722093105316
0.4738916754722595
0.41462427377700806
0.29860782623291016
0.40371498465538025
0.2963283658027649
0.36300724744796753
0.46470099687576294
0.46880194544792175
0.3741609752178192
0.5719715356826782
0.3600916266441345
0.4142066240310669
0.32321569323539734
0.32390516996383667
0.35834693908691406
0.3244190216064453
0.4013108015060425
0.436296671628952
0.3671608567237854
0.4617531895637512
0.5498028993606567
0.38601744174957275
0.451849102973938
0.3129112124443054
0.3065100312232971
0.3906744122505188
0.4255838394165039
0.37943917512893677
0.3571299910545349
0.3888166844844818
0.21160392463207245
0.49744054675102234
0.3286210894584656
0.35728856921195984
0.4214397072792053
0.38344311714172363
0.5677986741065979
0.6633517742156982
0.4059455394744873
0.34162336587905884
0.2864697575569153
0.3873153626918793
0.5391038060188293
0.4609057307243347
0.34279143810272217
0.3723071813583374
0.9603949785232544
0.2434224784374237
0.33940455317497253
0.5673970580101013
0.46669626235961914
0.3892087936401367
0.468898743391037
0.3952502906322479
0.47349223494529724
0.38455426692962646
0.3772808015346527
0.4133376479148865
0.3981659412384033
0.42795509099960327
0.34763067960739136
0.33718058466911316
0.30133581161499023
0.5074183344841003
0.33200693130493164
0.48321279883384705
0.3024136424064636
0.40599188208580017
0.36953577399253845
0.5228325724601746
0.4378088414669037
0.48380813002586365
0.6098594069480896
0.3757478594779968
0.31270280480384827
0.4197462499141693
0.41589605808258057
0.39722752571105957
0.36508750915527344
0.22217504680156708
0.363127201795578
0.5494493842124939
0.3694206178188324
0.3748818337917328
0.47192132472991943
0.64192134141922
0.3678610026836395
0.4624488055706024
0.3929913640022278
0.3395850360393524
0.2996508479118347
0.3535788059234619
0.3538099527359009
0.4113028943538666
0.37389570474624634
0.2384815812110901
0.48736509680747986
0.4636612832546234
0.4769456386566162
0.27810895442962646
0.4030686616897583
0.29764240980148315
0.3936055600643158
0.569850742816925
0.32910698652267456
0.41250914335250854
0.4834536015987396
0.36054134368896484
0.4311567544937134
0.30149519443511963
0.4628083109855652
0.44716736674308777
0.42915838956832886
0.4278617799282074
0.5061095356941223
0.4795551896095276
0.31679320335388184
0.3699966073036194
0.2817707657814026
0.3939085900783539
0.2884470224380493
0.3807950019836426
0.4161803126335144
0.45616647601127625
0.2610912322998047
0.3076811730861664
0.5949346423149109
0.30575549602508545
0.3381485342979431
0.3785608410835266
0.2488778531551361
0.5061149597167969
0.3412385880947113
0.27077406644821167
0.5102205276489258
0.3789415955543518
0.5000102519989014
0.4739008843898773
0.31003114581108093
0.3508737087249756
0.29841148853302
0.4938076436519623
0.38213667273521423
0.3083462417125702
0.29292184114456177
0.27822279930114746
0.47618621587753296
0.4797305464744568
0.6345304846763611
0.43734702467918396
0.5112318992614746
0.4734628200531006
0.3440551459789276
0.4134567379951477
0.39458292722702026
0.37005338072776794
0.3959124982357025
0.29957637190818787
0.2431107461452484
0.27966609597206116
0.34108299016952515
0.5167848467826843
0.46886157989501953
0.4211908280849457
0.4733183979988098
0.3106648921966553
0.3777177035808563
0.3596995770931244
0.2697887420654297
0.3511654734611511
0.30551886558532715
0.40528619289398193
0.3666265904903412
0.44035905599594116
0.3228076100349426
0.34082406759262085
0.5000642538070679
0.5091609954833984
0.37137383222579956
0.4048520028591156
0.6500066518783569
0.3522217273712158
0.3154602348804474
0.18779103457927704
0.3623695969581604
0.29296940565109253
0.44290417432785034
0.4325219988822937
0.37893959879875183
0.48900625109672546
0.2987717390060425
0.4484783411026001
0.5480309724807739
0.4878900945186615
0.3100290894508362
0.41698789596557617
0.42827340960502625
0.32914382219314575
0.39882731437683105
0.4192976951599121
0.5072548389434814
0.5048037767410278
0.46982133388519287
0.4055598974227905
0.2893649935722351
0.2952204942703247
0.47497162222862244
0.4992309808731079
0.27899566292762756
0.3692247271537781
0.3686222732067108
0.27446886897087097
0.3643956184387207
0.3461740016937256
0.33836591243743896
0.24838928878307343
0.39442771673202515
0.29898595809936523
0.4724574685096741
0.3630930185317993
0.2627936601638794
0.3085048794746399
0.26467782258987427
0.3326035439968109
0.6085418462753296
0.5196438431739807
0.4707164168357849
0.4763774871826172
0.3321346044540405
0.287429541349411
0.436259925365448
0.6304557919502258
0.6486015319824219
0.48056238889694214
0.3137088418006897
0.37351053953170776
0.36864376068115234
0.38007602095603943
0.29127445816993713
0.36387211084365845
0.27706480026245117
0.3708738684654236
0.3575490117073059
0.3116775155067444
0.4431304335594177
0.4760107398033142
0.35466521978378296
0.3550910949707031
0.42375096678733826
0.4654046297073364
0.4998997449874878
0.35852813720703125
0.6286262273788452
0.48433446884155273
0.5241042375564575
0.3261457681655884
0.347179114818573
0.38609135150909424
0.2845515012741089
0.38175663352012634
0.4893389642238617
0.35287365317344666
0.48311540484428406
0.2738475799560547
0.4047165811061859
0.5807010531425476
0.3850348889827728
0.45040249824523926
0.24484902620315552
0.45568346977233887
0.47421586513519287
0.251728355884552
0.3135526776313782
0.31618741154670715
0.4099685549736023
0.387361615896225
0.46221694350242615
0.29297563433647156
0.40026354789733887
0.3529168963432312
0.3337375521659851
0.397652268409729
0.41453275084495544
0.5223440527915955
0.46778473258018494
0.34683188796043396
0.29543304443359375
0.3249915838241577
0.30658313632011414
0.40260887145996094
0.45558783411979675
0.2937672734260559
0.4867057204246521
0.44800323247909546
0.4060920178890228
0.38057971000671387
0.5300111174583435
0.38429611921310425
0.49830397963523865
