0.23333333333333334
0.4642857142857143
0.25
0.14285714285714285
0.10256410256410257
0.7619047619047619
0.4166666666666667
0.5909090909090909
0.3055555555555555
0.6
0.7666666666666666
0.1414141414141414
0.28205128205128205
0.12962962962962962
0.3796296296296296
0.45370370370370366
0.1875
0.5
0.25
0.3125
0.5
0.5
0.3125
0.375
0.5
0.4375
0.4375
0.625
0.375
0.4375
0.375
0.75
0.375
0.5
0.17857142857142858
0.25
0.375
0.25
0.5
0.4375
0.2
0.1875
0.5
0.375
0.5
0.375
0.5
0.375
0.4375
0.5
0.375
0.4375
0.4375
0.4375
0.5625
0.5
0.4375
0.3125
0.4375
0.3125
0.5625
0.5625
0.5
0.375
0.25
0.6875
0.4375
0.375
0.375
0.3125
0.3125
0.4375
0.625
0.375
0.5
0.3125
0.5625
0.375
0.4375
0.4375
0.375
0.3125
0.4375
0.375
0.5
0.4375
0.4375
0.3125
0.4375
0.25
0.3125
0.375
0.5
0.25
0.375
0.5
0.625
0.3125
0.25
0.375
0.5625
0.3125
0.5625
0.5
0.25
0.625
0.3125
0.4375
0.4375
0.25
0.375
0.4375
0.5625
0.5
0.5
0.4375
0.625
0.4375
0.3125
0.625
0.4375
0.3125
0.5
0.5
0.4375
0.25
0.25
0.5
0.125
0.5625
0.1875
0.3125
0.5
0.5
0.5625
0.3125
0.5625
0.25
0.625
0.3125
0.5
0.5625
0.4375
0.4375
0.25
0.4375
0.3125
0.3125
0.25
0.375
0.375
0.5625
0.25
0.375
0.3125
0.3125
0.4375
0.5
0.5
0.625
0.5625
0.625
0.375
0.4375
0.375
0.5
0.375
0.3125
0.5625
0.625
0.375
0.3125
0.4375
0.5625
0.5
0.5625
0.625
0.375
0.5625
0.4375
0.25
0.3125
0.4375
0.5
0.375
0.625
0.375
0.25
0.0
0.5625
0.4375
0.5625
0.5625
0.3125
0.3125
0.3125
0.4375
0.3125
0.375
0.5625
0.5625
0.25
0.4375
0.25
0.4375
0.3125
0.375
0.5625
0.375
0.6875
0.5
0.5625
0.4375
0.4375
0.4375
0.375
0.5
0.5
0.5
0.625
0.375
0.375
0.375
0.25
0.25
0.375
0.5
0.375
0.5625
0.5625
0.3125
0.3125
0.375
0.375
0.3125
0.375
0.4375
0.25
0.5
0.375
0.375
0.5
0.3125
0.375
0.375
0.25
0.4375
0.5625
0.4375
0.625
0.5
0.125
0.375
0.5
0.3125
0.375
0.3125
0.4375
0.4375
0.375
0.4375
0.5625
0.4375
0.5
0.5
0.3125
0.5
0.5
0.25
0.4375
0.5
0.1875
0.5
0.4375
0.4375
0.4375
0.4375
0.5
0.3125
0.375
0.3125
0.4375
0.5
0.375
0.625
0.5
0.4375
0.4375
0.25
0.5625
0.4375
0.3125
0.5
0.4375
0.4375
0.5
0.375
0.3125
0.375
0.375
0.4375
0.5625
0.4375
0.3125
0.375
0.5
0.3125
0.375
0.5625
0.625
0.3125
0.3125
0.4375
0.375
0.5
0.4375
0.5
0.3125
0.375
0.625
0.375
0.3125
0.5
0.375
0.625
0.3125
0.5
0.25
0.5
0.5
0.4375
0.4375
0.5
0.5
0.375
0.25
0.5
0.3125
0.5
0.375
0.3125
0.5625
0.375
0.375
0.5
0.375
0.625
0.3125
0.25
0.375
0.25
0.25
0.4375
0.5
0.16666666666666666
0.3125
0.1875
0.5
0.3125
0.4375
0.4375
0.375
0.375
0.3125
0.5625
0.625
0.5
0.25
0.375
0.5
0.5625
0.625
0.5
0.25
0.4375
0.375
0.625
0.625
0.5625
0.5
0.375
0.375
0.3125
0.375
0.375
0.4375
0.5
0.5
0.4375
0.25
0.5
0.4375
0.375
0.5
0.4375
0.3125
0.25
0.5
0.25
0.4375
0.4375
0.6875
0.375
0.3125
0.4375
0.375
0.4375
0.625
0.5
0.4375
0.5625
0.4375
0.5
0.5
0.5
0.3125
0.4375
0.4375
0.3125
0.375
0.5625
0.3125
0.1875
0.3125
0.4375
0.3125
0.3125
0.5
0.3125
0.375
0.6875
0.375
0.5
0.375
0.25
0.25
0.375
0.4375
0.5
0.5625
0.75
0.5
0.4375
0.625
0.5
0.375
0.6875
0.5
0.4375
0.25
0.5
0.625
0.375
0.25
0.3125
0.375
0.25
0.1875
0.375
0.375
0.6875
0.5625
0.4375
0.375
0.375
0.4375
0.25
0.375
0.5
0.1875
0.4375
0.5625
0.3125
0.4375
0.5625
0.25
0.25
0.25
0.4375
0.5625
0.5625
0.5
0.5
0.5625
0.5
0.25
0.375
0.1875
0.5
0.5
0.375
0.4375
0.5625
0.5625
0.4375
0.1875
0.5625
0.25
0.375
0.3125
0.625
0.125
0.625
0.5
0.5625
0.3125
0.625
0.3125
0.5625
0.625
0.4375
0.25
0.5
0.375
0.5
0.5625
0.375
0.4375
0.3125
0.375
0.5
0.375
0.5625
0.375
0.3125
0.5625
0.4375
0.5625
0.375
0.5
0.375
0.375
0.4375
0.625
0.5
0.375
0.3125
0.5
0.3125
0.25
0.4375
0.5
0.3125
0.5
0.1875
0.5625
0.4375
0.4375
0.25
0.5
0.5
0.4375
0.3125
0.25
0.5
0.4375
0.5
0.3125
0.375
0.5625
0.4375
0.3125
0.4375
0.3125
0.25
0.3125
0.375
0.375
0.5625
0.5
0.6875
0.375
0.5
0.375
0.1875
0.3125
0.5625
0.6875
0.4375
0.3125
0.4375
0.3125
0.5641025641025641
0.10714285714285714
0.625
0.3125
0.625
0.4375
0.375
0.375
0.25
0.42063492063492064
0.7142857142857143
0.7666666666666666
0.48717948717948717
0.6282051282051282
0.16666666666666666
0.5714285714285714
0.5476190476190476
0.5
0.5
0.3125
0.5
0.375
0.25
0.7
0.3205128205128205
0.125
0.3686868686868687
0.7070707070707071
0.8333333333333333
0.625
0.537037037037037
0.5625
0.125
0.5
0.5272727272727272
0.13095238095238096
0.2222222222222222
0.75
0.2435897435897436
0.32051282051282054
0.6794871794871794
0.45833333333333337
0.4375
0.4285714285714286
0.5
0.5
0.2
0.375
0.25
0.375
0.5
0.625
0.4375
0.375
0.5
0.625
0.4375
0.625
0.3125
0.4375
0.1875
0.3125
0.5833333333333334
0.373015873015873
0.5142857142857142
0.5888888888888889
0.45
0.6818181818181818
0.7692307692307692
0.7307692307692308
0.6666666666666666
0.5166666666666667
0.7333333333333334
0.4166666666666667
0.26785714285714285
0.5625
0.27777777777777773
0.5462962962962963
0.5833333333333334
0.3181818181818182
0.4761904761904762
0.3055555555555556
0.6565656565656566
0.6587301587301587
0.5972222222222222
0.6666666666666666
0.5
0.33333333333333337
0.5
0.4375
0.3333333333333333
0.7051282051282052
0.375
0.3333333333333333
0.4166666666666667
0.7333333333333334
0.5757575757575758
0.7857142857142857
0.3333333333333333
0.3611111111111111
0.35714285714285715
0.43333333333333335
0.5333333333333333
0.6333333333333333
0.5384615384615384
0.17857142857142858
0.7333333333333334
0.7090909090909091
0.21428571428571427
0.5555555555555555
0.375
0.4166666666666667
0.49999999999999994
0.7666666666666666
0.4292929292929293
0.4666666666666667
0.6
0.6904761904761905
0.47619047619047616
0.24074074074074073
0.4545454545454546
0.3666666666666667
0.6666666666666666
0.43333333333333335
0.5
0.4365079365079365
0.5
0.5714285714285714
0.2148148148148148
0.5740740740740741
0.3
0.33333333333333337
0.8333333333333334
0.4761904761904762
0.32051282051282054
0.7
0.3727272727272727
0.5666666666666667
0.35555555555555557
0.6
0.27777777777777773
0.65
0.6333333333333333
0.3055555555555555
0.3833333333333333
0.7222222222222223
0.43611111111111106
0.38888888888888884
0.6388888888888888
0.6547619047619048
0.5444444444444444
0.5833333333333334
0.8181818181818182
0.611111111111111
0.6851851851851851
0.5666666666666668
0.5074074074074074
0.484126984126984
0.7638888888888888
0.7444444444444445
0.48412698412698413
0.5388888888888889
0.3055555555555555
0.5833333333333334
0.25925925925925924
0.7333333333333334
0.6794871794871795
0.4230769230769231
0.7424242424242425
0.3481481481481481
0.5583333333333333
0.7333333333333334
0.7181818181818183
0.7333333333333334
0.5833333333333333
0.4523809523809524
0.6060606060606061
0.6636363636363636
0.3666666666666667
0.4181818181818182
0.11904761904761905
0.4375
0.7
0.375
0.3333333333333333
0.25757575757575757
0.8
0.5625
0.3125
0.125
0.5
0.4375
0.4375
0.3125
0.3125
0.375
0.3125
0.1875
0.4375
0.4375
0.4375
0.5
0.5
0.3968253968253968
0.6666666666666666
0.638888888888889
0.5
0.4642857142857143
0.09523809523809523
0.26666666666666666
0.4333333333333333
0.32051282051282054
0.45833333333333337
0.2222222222222222
0.4871794871794872
0.38888888888888884
0.2948717948717949
0.07692307692307693
0.34848484848484845
0.5333333333333333
0.3205128205128205
0.7348484848484849
0.36296296296296293
0.3333333333333333
0.3055555555555555
0.45833333333333337
0.42727272727272725
0.5454545454545454
0.3727272727272727
0.2929292929292929
0.4185185185185185
0.38888888888888884
0.6833333333333333
0.4166666666666667
0.6785714285714286
0.601010101010101
0.1111111111111111
0.611111111111111
0.7348484848484849
0.5777777777777777
0.6538461538461539
0.6333333333333333
0.26515151515151514
0.5666666666666668
0.4962962962962963
0.6590909090909091
0.2148148148148148
0.6944444444444445
0.23484848484848486
0.6666666666666666
0.5518518518518518
0.48148148148148145
0.4343434343434343
0.7063492063492063
0.5740740740740741
0.7333333333333334
0.7407407407407408
0.8666666666666667
0.48148148148148145
0.48055555555555557
0.4682539682539682
0.6904761904761904
0.5916666666666667
0.4861111111111111
0.5
0.7555555555555555
0.40740740740740744
0.4444444444444444
0.65
0.4166666666666667
0.5158730158730158
0.7083333333333334
0.5444444444444444
0.5833333333333334
0.6380952380952382
0.34047619047619043
0.5222222222222223
0.3333333333333333
0.38888888888888884
0.2638888888888889
0.38888888888888884
0.6444444444444445
0.4166666666666667
0.5416666666666666
0.6777777777777777
0.6166666666666667
0.47979797979797983
0.5833333333333334
0.4181818181818182
0.7333333333333334
0.5370370370370371
0.4000000000000001
0.4481481481481482
0.8333333333333334
0.6333333333333333
0.43333333333333335
0.6349206349206349
0.7916666666666666
0.4166666666666667
0.3055555555555555
0.5
0.3988095238095238
0.6333333333333334
0.31851851851851853
0.6166666666666667
0.7272727272727273
0.8
0.7851851851851852
0.5
0.6388888888888888
0.8833333333333333
0.7333333333333334
0.5370370370370371
0.7936507936507936
0.4851851851851852
0.5833333333333333
0.6185185185185186
0.7
0.9
0.7592592592592592
0.5181818181818182
0.6805555555555555
0.3
0.3666666666666667
0.3055555555555556
0.3055555555555555
0.4166666666666667
0.5833333333333333
0.7692307692307692
0.9166666666666666
0.6666666666666666
0.5357142857142857
0.648148148148148
0.5357142857142857
0.6666666666666666
0.29166666666666663
0.3666666666666667
0.5384615384615384
0.6555555555555556
0.8214285714285715
0.4696969696969697
0.5666666666666667
0.202020202020202
0.41666666666666663
0.7000000000000001
0.4777777777777778
0.5
0.19230769230769232
0.7380952380952381
0.5583333333333333
0.6277777777777778
0.5166666666666666
0.6666666666666666
0.5873015873015873
0.3416666666666666
0.5317460317460317
0.7045454545454546
0.5555555555555556
0.6333333333333334
0.4444444444444444
0.6111111111111112
0.4537037037037037
0.49999999999999994
0.4222222222222222
0.6944444444444443
0.5555555555555555
0.5892857142857143
0.5555555555555555
0.688095238095238
0.49999999999999994
0.75
0.625
0.6814814814814815
0.5476190476190476
0.3055555555555555
0.4444444444444444
0.7333333333333334
0.7045454545454546
0.6590909090909091
0.8888888888888888
0.3
0.7727272727272727
0.45
0.6666666666666667
0.6666666666666667
0.4636363636363636
0.37878787878787873
0.3666666666666667
0.4259259259259259
0.5873015873015872
0.6666666666666666
0.37121212121212127
0.3055555555555555
0.36944444444444446
0.4545454545454546
0.7962962962962964
0.8222222222222223
0.5092592592592592
0.5277777777777778
0.5303030303030303
0.6666666666666666
0.5416666666666666
0.8787878787878788
0.5555555555555555
0.4083333333333334
0.6818181818181818
0.7685185185185185
0.6
0.5833333333333334
0.4777777777777778
0.48148148148148145
0.4666666666666666
0.625
0.46296296296296297
0.6527777777777778
0.3666666666666667
0.6805555555555555
0.7678571428571429
0.5740740740740741
0.35000000000000003
0.5833333333333333
0.4358974358974359
0.34848484848484845
0.49074074074074076
0.43333333333333335
0.5833333333333334
0.43636363636363634
0.37878787878787873
0.46296296296296297
0.5833333333333333
0.4444444444444444
0.5892857142857143
0.95
0.5555555555555555
0.6055555555555555
0.8095238095238096
0.5518518518518518
0.4518518518518519
0.6095238095238096
0.4318181818181818
0.8333333333333334
0.6333333333333333
0.49074074074074076
0.5333333333333333
0.5166666666666667
0.31851851851851853
0.8154761904761904
0.6925925925925926
0.7045454545454546
0.6190476190476191
0.4861111111111111
0.8090909090909091
0.2333333333333333
0.4166666666666667
0.6428571428571429
0.5873015873015872
0.6203703703703703
0.5416666666666666
0.6574074074074074
0.3333333333333333
0.375
0.5583333333333333
0.557142857142857
0.4166666666666667
0.45
0.6587301587301587
0.9166666666666666
0.6259259259259259
0.4761904761904761
0.7238095238095238
0.4682539682539682
0.5972222222222222
0.48888888888888893
0.6428571428571428
0.42777777777777776
0.8425925925925926
0.5222222222222223
0.8166666666666668
0.5333333333333333
0.5277777777777778
0.6595238095238095
0.5777777777777777
0.7301587301587302
0.49999999999999994
0.7333333333333334
0.7222222222222222
0.8166666666666668
0.8095238095238096
0.9166666666666666
0.9166666666666666
0.6388888888888888
0.7111111111111111
0.7261904761904763
0.4928571428571429
0.753968253968254
0.626984126984127
0.6027777777777777
0.8095238095238094
0.6583333333333333
0.5333333333333333
0.7666666666666666
0.5666666666666668
0.6428571428571428
0.5428571428571428
0.7666666666666666
0.5857142857142857
0.611111111111111
0.6333333333333333
0.5833333333333334
0.6472222222222221
0.5833333333333334
0.8190476190476191
0.537037037037037
0.49999999999999994
0.5928571428571429
0.6349206349206349
0.5555555555555555
0.4222222222222222
0.8333333333333334
0.7142857142857143
0.6888888888888888
0.26851851851851855
0.75
0.5793650793650794
0.6148148148148148
0.753968253968254
0.7166666666666667
0.7916666666666666
0.6666666666666666
0.4682539682539682
0.7619047619047619
0.6527777777777778
0.5476190476190477
0.7547619047619047
0.611111111111111
0.6571428571428571
0.6481481481481481
0.4523809523809524
0.8333333333333334
0.6746031746031745
0.5166666666666667
0.7222222222222222
0.4000000000000001
0.5481481481481482
0.8333333333333334
0.5833333333333334
0.35714285714285715
0.8333333333333334
0.5
0.5370370370370371
0.6555555555555556
0.611111111111111
0.7083333333333334
0.23611111111111108
0.8333333333333334
0.7071428571428572
0.7357142857142858
0.6388888888888888
0.6238095238095238
0.6904761904761904
0.75
0.36507936507936506
0.5095238095238095
0.7380952380952381
0.3833333333333333
0.6972222222222223
0.6888888888888888
0.6574074074074074
0.6888888888888888
0.7444444444444445
0.5761904761904763
0.8296296296296296
0.5111111111111111
0.5095238095238095
0.7222222222222222
0.5972222222222222
0.7777777777777777
0.6944444444444443
0.6666666666666666
0.5
0.8148148148148148
0.625
0.5555555555555555
0.47222222222222215
0.7222222222222222
0.5592592592592592
0.4166666666666667
0.5634920634920635
0.6880952380952382
0.7301587301587302
0.6285714285714286
0.7111111111111111
0.6851851851851851
0.669047619047619
0.7555555555555555
0.6814814814814815
0.48148148148148145
0.3888888888888889
0.7851851851851852
0.3703703703703704
0.557142857142857
0.5638888888888888
0.5740740740740741
0.5277777777777778
0.7555555555555555
0.6222222222222222
0.6814814814814815
0.6203703703703703
0.9
0.875
0.5861111111111111
0.7222222222222222
0.6481481481481481
0.75
0.9333333333333332
0.5555555555555555
0.6305555555555555
0.7481481481481481
0.7111111111111111
0.6666666666666666
0.7388888888888889
0.7000000000000001
0.8333333333333334
0.7357142857142858
0.6555555555555556
0.5833333333333334
0.6880952380952382
0.5611111111111111
0.6714285714285714
0.580952380952381
0.5404761904761904
0.6833333333333332
0.7916666666666666
0.5222222222222223
0.6746031746031745
0.45555555555555566
0.669047619047619
0.7833333333333333
0.4904761904761905
0.4444444444444444
0.6388888888888888
0.7777777777777778
0.6944444444444445
0.6944444444444445
0.6595238095238095
0.6047619047619048
0.3481481481481481
0.7714285714285715
0.4259259259259259
0.5361111111111111
0.7301587301587302
0.611111111111111
0.5277777777777778
0.5476190476190476
0.7547619047619047
0.8023809523809523
0.6203703703703703
0.611111111111111
0.762962962962963
0.4047619047619048
0.753968253968254
0.7916666666666666
0.5952380952380952
0.5694444444444444
0.5416666666666666
0.6357142857142858
0.9259259259259259
0.5714285714285715
0.9107142857142857
0.5361111111111111
0.626984126984127
0.5555555555555555
0.7638888888888888
0.6904761904761904
0.5380952380952381
0.8962962962962964
0.9523809523809524
0.6666666666666666
0.49259259259259264
0.5518518518518518
0.7777777777777778
0.8222222222222223
0.7738095238095237
0.6666666666666666
0.6203703703703703
0.8472222222222222
0.4000000000000001
0.6190476190476191
0.7083333333333334
0.6313131313131314
0.8333333333333334
0.7444444444444445
0.7962962962962963
0.75
0.625
0.7833333333333333
0.4666666666666666
0.6138888888888889
0.6428571428571429
0.6749999999999999
0.688888888888889
0.5738095238095239
0.7547619047619047
0.6944444444444445
0.5388888888888889
0.6349206349206349
0.7166666666666667
0.6805555555555555
0.5833333333333333
0.8518518518518517
0.7047619047619048
0.7833333333333333
0.7999999999999999
0.42857142857142855
0.65
0.7666666666666666
0.6851851851851851
0.75
0.7407407407407408
0.6666666666666666
0.8333333333333334
0.7547619047619047
0.7916666666666666
0.6888888888888888
0.43333333333333335
0.5472222222222222
0.85
0.6851851851851851
0.6185185185185186
0.8333333333333334
0.5814814814814815
0.7333333333333334
0.7047619047619048
0.688095238095238
0.75
0.8083333333333332
0.4777777777777777
0.6944444444444445
0.5925925925925926
0.6666666666666666
0.6666666666666666
0.4888888888888889
0.8095238095238096
0.7083333333333334
0.85
0.7666666666666666
0.75
0.7916666666666666
0.611111111111111
0.6875
0.7222222222222222
0.8055555555555557
0.6222222222222222
0.6761904761904761
0.7222222222222223
0.5111111111111112
0.5634920634920635
0.8380952380952381
0.7555555555555555
0.8666666666666667
0.8222222222222223
0.6388888888888888
0.4904761904761905
0.6111111111111112
0.5638888888888889
0.65
0.5666666666666668
0.5214285714285715
0.5547619047619048
0.7129629629629629
0.8333333333333334
0.5333333333333333
0.8611111111111112
0.6111111111111112
0.7222222222222222
0.6428571428571429
0.626984126984127
0.7380952380952381
0.7777777777777778
0.6666666666666666
0.7547619047619047
0.6472222222222221
0.7357142857142858
0.6666666666666666
0.9333333333333332
0.7380952380952381
0.8148148148148148
0.8023809523809525
0.6972222222222223
0.5111111111111112
0.7857142857142857
0.8015873015873017
0.7619047619047619
0.7444444444444445
0.619047619047619
0.8055555555555555
0.5861111111111111
0.5888888888888889
0.5
0.7857142857142857
0.6333333333333333
0.4357142857142857
0.7738095238095237
0.7222222222222222
0.9166666666666666
0.9444444444444445
0.85
0.8055555555555557
0.725
1.0
0.5583333333333333
0.7047619047619048
0.6333333333333333
0.4904761904761905
0.6
0.5555555555555555
0.7555555555555555
0.5370370370370371
0.6185185185185186
0.8916666666666666
0.6746031746031745
0.5666666666666667
0.8333333333333334
0.6904761904761904
0.6018518518518519
0.7333333333333334
0.6185185185185186
0.6666666666666666
0.7361111111111112
0.7714285714285714
0.8095238095238094
0.625
0.8214285714285715
0.7416666666666667
0.7555555555555555
0.75
0.75
0.7314814814814815
0.5714285714285715
0.5333333333333333
0.3333333333333333
0.8055555555555555
0.8571428571428571
0.4166666666666667
0.9696969696969697
0.375
0.557142857142857
0.8333333333333334
0.75
0.638888888888889
0.5777777777777778
0.5888888888888889
0.6071428571428571
0.3595238095238096
0.8083333333333332
0.9444444444444445
0.5416666666666666
0.7916666666666666
0.42857142857142855
0.611111111111111
0.6777777777777777
0.719047619047619
0.8333333333333334
0.31666666666666665
0.8333333333333334
0.7222222222222223
0.6666666666666666
0.669047619047619
0.6666666666666666
0.6984126984126983
0.6666666666666666
0.4444444444444444
0.7142857142857143
0.7857142857142857
0.7000000000000001
0.6269841269841271
0.47222222222222215
0.8518518518518517
0.8571428571428571
0.6027777777777777
0.5238095238095238
0.6952380952380951
0.5888888888888889
0.7857142857142857
0.6904761904761904
0.7416666666666667
0.5666666666666667
0.9333333333333332
0.6666666666666666
0.8888888888888888
0.9523809523809524
0.8333333333333334
0.8055555555555555
0.5666666666666667
0.6592592592592592
0.6388888888888888
0.8666666666666667
0.6047619047619048
0.5880952380952381
0.6333333333333333
0.9166666666666666
0.7000000000000001
0.6222222222222222
0.9523809523809524
0.8055555555555555
0.75
0.75
0.7190476190476192
0.9444444444444445
0.8666666666666667
0.7444444444444445
1.0
0.6666666666666666
0.6746031746031745
0.4351851851851852
0.746031746031746
0.8222222222222223
0.65
0.8611111111111112
0.7000000000000001
0.6888888888888888
0.8888888888888888
0.6238095238095238
0.4595238095238095
0.6925925925925925
0.8190476190476191
0.7555555555555555
0.638888888888889
0.7936507936507936
0.6
0.4071428571428572
0.6388888888888888
0.6111111111111112
0.6111111111111112
0.75
0.6388888888888888
0.8777777777777779
0.5833333333333334
0.7777777777777778
0.8666666666666667
0.7071428571428572
0.8111111111111112
0.6428571428571428
0.8333333333333334
0.6666666666666666
0.6190476190476191
0.6428571428571429
0.7999999999999999
0.626984126984127
0.6428571428571429
0.6023809523809524
0.6555555555555556
0.6925925925925925
0.5238095238095238
0.7083333333333334
0.8333333333333334
0.8222222222222223
0.7523809523809524
0.5861111111111111
0.8412698412698413
0.7428571428571429
0.6714285714285714
0.7777777777777777
0.7916666666666666
0.6555555555555556
0.6428571428571429
0.7904761904761904
0.719047619047619
0.8333333333333334
0.888888888888889
0.36507936507936506
0.6285714285714286
0.9
0.7301587301587301
0.6481481481481481
0.8023809523809523
1.0
0.6203703703703703
0.9333333333333332
0.7407407407407408
0.7936507936507936
0.7777777777777778
0.5873015873015873
0.4238095238095238
0.725
0.49999999999999994
0.6944444444444443
0.6904761904761904
0.7238095238095238
0.6666666666666666
0.7444444444444445
0.5444444444444444
0.6388888888888888
0.7936507936507936
0.8380952380952381
0.9166666666666666
0.7380952380952381
0.6880952380952382
0.9444444444444445
0.6904761904761904
0.6238095238095238
0.7222222222222222
0.7916666666666666
0.746031746031746
0.8111111111111112
0.7638888888888888
0.7999999999999999
0.7777777777777778
0.8611111111111112
0.6714285714285714
0.7361111111111112
0.8518518518518517
0.6666666666666666
0.8222222222222223
0.7071428571428572
0.8111111111111112
0.6722222222222222
0.8425925925925926
0.6238095238095238
0.7833333333333333
0.8611111111111112
0.8023809523809525
0.8333333333333334
0.7916666666666666
0.8333333333333334
0.6214285714285714
0.5666666666666668
0.7857142857142857
0.6904761904761906
0.47500000000000003
0.7222222222222222
0.6916666666666668
0.8222222222222223
0.8611111111111112
0.75
0.6333333333333333
0.6666666666666666
0.7301587301587301
0.8666666666666667
0.9523809523809524
0.6388888888888888
0.8888888888888888
0.8222222222222223
0.6694444444444444
0.7916666666666666
0.5380952380952381
0.5833333333333334
0.753968253968254
0.7416666666666667
0.75
0.875
0.6574074074074073
0.6222222222222222
0.7916666666666666
0.7129629629629629
0.16666666666666666
0.8968253968253969
0.8888888888888888
0.47380952380952374
0.6666666666666666
0.719047619047619
0.7047619047619048
0.7555555555555555
0.75
0.6984126984126983
0.7777777777777777
0.6666666666666666
0.7444444444444445
0.5476190476190476
0.8154761904761904
0.7999999999999999
0.8690476190476191
0.6571428571428571
0.9047619047619048
0.7638888888888888
0.7592592592592592
0.8571428571428571
0.8333333333333334
0.5833333333333334
0.6190476190476191
0.7301587301587301
0.5222222222222221
0.8666666666666667
0.7936507936507936
0.875
0.7833333333333333
0.6472222222222221
0.7166666666666667
1.0
0.8888888888888888
0.6262626262626262
0.6404761904761904
0.8222222222222223
0.6666666666666666
0.36944444444444446
0.7916666666666666
0.7000000000000001
0.753968253968254
0.8222222222222223
0.9259259259259259
0.7916666666666666
0.719047619047619
0.537037037037037
0.6428571428571429
0.8888888888888888
0.7000000000000001
0.6777777777777777
0.6666666666666666
0.9259259259259259
0.7936507936507936
0.7388888888888889
0.7777777777777778
0.5555555555555556
0.7857142857142857
0.7357142857142858
0.5761904761904763
0.7523809523809524
0.669047619047619
0.6666666666666666
0.7261904761904762
0.7301587301587302
0.5740740740740741
0.7857142857142857
0.5833333333333334
0.6203703703703703
0.8095238095238096
0.8333333333333334
0.8412698412698413
0.5158730158730159
0.8111111111111112
0.8214285714285715
0.6238095238095238
0.6047619047619047
0.9166666666666666
0.9047619047619048
0.5194444444444444
0.8472222222222222
0.8333333333333334
0.888888888888889
0.9333333333333332
0.5833333333333334
0.8055555555555557
0.85
0.5690476190476191
0.7638888888888888
0.6666666666666666
0.6761904761904761
0.8111111111111112
0.8333333333333334
0.8380952380952381
0.5555555555555556
0.5833333333333334
0.8333333333333334
0.8571428571428571
0.9523809523809524
0.611111111111111
0.75
0.7416666666666667
0.75
0.5547619047619048
0.5222222222222221
0.8250000000000001
0.6984126984126985
0.7296296296296297
0.7111111111111111
0.7416666666666667
0.8214285714285715
1.0
0.7777777777777778
0.8055555555555555
0.7222222222222222
0.5238095238095238
0.7037037037037037
0.6222222222222222
0.7738095238095237
0.8055555555555555
0.7666666666666666
0.9166666666666666
0.6666666666666666
0.8690476190476191
0.7833333333333333
0.5
0.7444444444444445
0.8000000000000002
0.7916666666666666
0.6349206349206349
0.5138888888888888
0.7380952380952381
0.611111111111111
0.5055555555555555
0.7916666666666666
0.8333333333333334
1.0
0.8380952380952381
0.8333333333333334
0.6111111111111112
0.7685185185185185
0.7555555555555555
0.5472222222222222
0.7857142857142857
0.7555555555555555
0.7238095238095238
0.5959595959595959
0.8888888888888888
0.6666666666666666
0.5499999999999999
0.8023809523809523
0.8111111111111112
0.7000000000000001
0.5462962962962963
0.4904761904761905
0.8055555555555555
0.6825396825396824
0.8055555555555555
0.9523809523809524
0.7261904761904762
0.7071428571428572
0.85
0.8333333333333334
0.8194444444444445
0.9523809523809524
0.7916666666666666
0.7916666666666666
0.8333333333333334
0.9583333333333334
0.7314814814814814
0.9259259259259259
0.619047619047619
0.7777777777777777
0.8690476190476191
0.6444444444444444
0.9166666666666666
0.7444444444444445
0.3968253968253968
0.4857142857142857
0.7222222222222222
0.6349206349206349
0.7857142857142857
0.8333333333333334
0.5833333333333334
0.43333333333333335
0.48055555555555546
0.7904761904761904
0.8968253968253969
0.7777777777777778
0.7166666666666667
0.7916666666666666
0.8023809523809523
0.7916666666666666
0.8888888888888888
0.746031746031746
0.8111111111111112
0.8888888888888888
0.7047619047619048
0.7000000000000001
0.8055555555555555
0.6404761904761904
0.75
0.6138888888888888
0.688095238095238
0.8055555555555555
0.6277777777777778
0.6666666666666666
0.6972222222222223
0.7777777777777777
0.7222222222222222
0.7444444444444445
0.7916666666666666
0.8425925925925926
0.625
0.7222222222222222
0.7166666666666667
0.8857142857142858
0.7357142857142858
0.5416666666666666
0.7261904761904763
0.7083333333333334
0.9523809523809524
0.6714285714285714
0.5638888888888888
0.9523809523809524
0.75
0.8333333333333334
0.7000000000000001
0.688095238095238
0.6349206349206349
0.8333333333333334
0.7407407407407408
0.8333333333333334
0.7857142857142857
0.7555555555555555
0.6507936507936508
0.5
0.6944444444444445
0.7333333333333334
0.8611111111111112
0.8968253968253969
0.8690476190476191
0.875
0.7222222222222222
0.7857142857142857
0.6214285714285714
0.7666666666666666
0.7428571428571429
0.7259259259259259
0.6238095238095238
0.7738095238095237
0.5555555555555555
